1.798291289119069347e+01
2.512292955566893937e+01
1.816168361715134338e+01
2.723221220720996527e+01
1.830239543040360317e+01
2.935394760036336592e+01
1.848349880922586763e+01
3.147491385575639455e+01
1.875941686559898969e+01
3.358455848121394638e+01
1.919898945355650710e+01
3.567942388703890799e+01
1.978721566733194237e+01
3.771614864337928452e+01
2.055710259839419862e+01
3.970209052973669372e+01
2.148900542400543401e+01
4.158713929541434595e+01
2.260557631064674666e+01
4.334549321115236609e+01
2.386168274191425098e+01
4.499316072868322891e+01
2.518549222151373712e+01
4.654827369798496761e+01
2.662634888213787931e+01
4.798861269163532484e+01
2.810753835837650527e+01
4.933817196388828563e+01
2.966056748525736708e+01
5.049277611532625087e+01
3.144468296675655949e+01
5.128827464880698273e+01
3.343878430924084455e+01
5.157376718026881690e+01
3.557238833474967521e+01
5.139145152221462354e+01
3.754740464813651357e+01
5.066768244202189919e+01
3.931084084781506505e+01
4.955040827411369264e+01
4.096199076288700525e+01
4.822326210013618919e+01
4.253598512330435710e+01
4.675554213369382950e+01
4.401931940375706631e+01
4.517164022463888529e+01
4.537264364278797046e+01
4.345063921186113021e+01
4.655423005049159002e+01
4.159594003235567072e+01
4.750903035183105771e+01
3.960580653059230372e+01
4.825872242004458457e+01
3.750772105185311034e+01
4.878406217430142533e+01
3.532663501464116962e+01
4.913231777966774416e+01
3.310680273747911428e+01
4.931736033483988280e+01
3.087207927913338779e+01
4.938988278568749735e+01
2.863189607092540712e+01
4.941974855762241958e+01
2.640519917331632982e+01
4.947409448038659718e+01
2.415227024295808889e+01
2.193299318294224420e+01
2.299252375878337773e+01
2.371111759042496914e+01
2.124330560168060344e+01
2.573000440334905292e+01
2.102580066484006949e+01
2.780110356673206695e+01
2.122263051982301363e+01
2.981805852959558933e+01
2.167219134364387756e+01
3.436434575909321865e+01
2.138566016724236007e+01
3.657308292504154679e+01
2.076810881278113285e+01
3.888226576273002877e+01
2.043678428425193516e+01
4.118838602963522533e+01
2.059748062362138299e+01
4.335760794390191819e+01
2.233103592807449189e+01
3.215745162780547162e+01
2.544232879196157526e+01
3.210911284233578300e+01
2.802251288829218367e+01
3.205763084900113569e+01
3.058992439901794569e+01
3.201499437700031336e+01
3.317076022980256766e+01
2.912105516563216767e+01
3.539294436247629960e+01
3.074547841125281877e+01
3.588353623214654675e+01
3.248151524581983551e+01
3.604755741226290411e+01
3.423719114202764757e+01
3.576834486212073472e+01
3.590351910010051739e+01
3.526095691473426541e+01
2.404299745368545871e+01
2.600055298044097540e+01
2.517473644900352525e+01
2.533908691322595175e+01
2.794179092873053705e+01
2.514149536724492151e+01
2.906405602063365023e+01
2.590398523966820221e+01
2.785855396067945122e+01
2.640090897852097385e+01
2.523241193096598067e+01
2.648004765001590854e+01
3.582819243637871409e+01
2.572774864231942615e+01
3.691631570705067844e+01
2.484565476674508133e+01
3.990009865247442633e+01
2.487161788757667935e+01
4.124722827531419256e+01
2.547927353615186163e+01
3.997201119370858180e+01
2.606645214994761162e+01
3.714500231234456606e+01
2.617969781418157282e+01
2.376895052395055785e+01
2.271481022144541129e+01
2.577598843943779272e+01
2.257572812943808671e+01
2.783535775222716779e+01
2.271550510177823412e+01
2.984019400011614209e+01
2.301408910441043076e+01
3.440885004122157653e+01
2.280004198215538835e+01
3.661712089908098733e+01
2.233862651908109598e+01
3.891019094262996703e+01
2.206225013671025792e+01
4.120528855636488430e+01
2.211753538320460422e+01
2.653868042005277772e+01
2.502146491838049513e+01
2.654480026191752984e+01
2.659910718331001789e+01
2.654605870091466713e+01
2.586254358890755256e+01
3.840397659813865516e+01
2.463018497763919967e+01
3.856970652973839719e+01
2.630268386977358475e+01
3.850312806762481443e+01
2.552019695916647635e+01
3.061091426354063216e+01
2.567144326477151850e+01
3.399413285686178199e+01
2.558362417261136557e+01
2.902854342995792436e+01
3.197157700100550670e+01
3.578884121840327026e+01
3.180082464925103736e+01
2.811799809994131749e+01
3.403398009104403599e+01
3.689239846907252485e+01
3.383666113990948787e+01
2.815328187408162464e+01
4.127716924556967371e+01
2.963478066048696391e+01
3.997853057487733253e+01
3.153104218684481097e+01
3.928629107962457567e+01
3.259802072030154818e+01
3.931165521857025169e+01
3.369241505064849918e+01
3.923103978737538000e+01
3.607689554115777497e+01
3.979276677815091290e+01
3.816640315993043941e+01
4.101369213332348806e+01
3.681908788616977546e+01
4.260948935139378335e+01
3.504743495601397996e+01
4.380876050736070937e+01
3.290942030805608454e+01
4.424300582530963766e+01
3.094248423024111716e+01
4.385378213647278756e+01
2.935415669323020182e+01
4.274772812260129484e+01
2.863229600600199021e+01
4.126169805477893959e+01
3.061673834466081701e+01
4.073806539151485850e+01
3.271118821342263061e+01
4.060730481113775170e+01
3.520893399546601188e+01
4.060941445251742721e+01
3.765607499735729391e+01
4.103005439718016589e+01
3.536891758646534356e+01
4.180262416811269333e+01
3.283421152785389552e+01
4.214655811044280398e+01
3.062903860288694347e+01
4.190319386483159292e+01
2.654230982348076395e+01
2.586406722375969025e+01
3.850610443534399963e+01
2.551771111911918055e+01
